postfx_paramsfile version 1
9
pfx_default 0 0  128.000000 1.058800 1.451000 9.176500  0.960800 1.137300 1.137300 0.196100  1.000000 1.000000 2.000000 1.000000
pfx_map_params 0 0  128.000000 1.040000 1.294100 10.000000  2.372500 2.156900 1.843100 0.486300  1.000000 1.000000 2.000000 1.000000
pfx_indoors 0 0  128.000000 1.000000 1.254900 10.000000  0.647100 4.784300 4.161600 0.001500  0.480000 1.000000 1.600000 1.000000
pfx_sunset 0 0  128.000000 0.588200 0.980400 0.980400  0.078400 2.117600 1.372500 0.125500  1.000000 1.000000 2.000000 1.000000
pfx_night 0 0  128.000000 1.000000 1.254900 10.000000  0.647100 4.784300 1.215700 0.000000  1.000000 1.000000 2.400000 1.000000
pfx_sunny 0 0  128.000000 0.666700 0.980400 0.980400  0.451000 2.431400 1.294100 0.141200  1.000000 1.000000 2.800000 1.000000
pfx_cloudy 0 0  128.000000 1.000000 0.980400 0.000000  0.313700 2.666700 2.000000 0.431400  1.000000 1.000000 1.200000 1.000000
pfx_overcast 0 0  128.000000 1.000000 0.980400 0.000000  0.313700 2.666700 2.000000 0.000000  1.000000 1.000000 0.800000 1.000000
pfx_high_contrast 0 3  128.000000 1.000000 1.294100 10.000000  0.431400 2.000000 1.058800 0.054900  1.000000 1.000000 4.800000 1.000000
