48
tab_game_character_sheet 0 tableau_with_transparency 1024 1024 0 0 266 532 0 
tab_game_inventory_window 0 tableau_with_transparency 1024 1024 0 0 180 270 0 
tab_game_party_window 0 tableau_with_transparency 1024 1024 0 0 300 300 0 
tab_game_profile_window 0 tableau_with_transparency 1024 1024 0 0 320 480 21 23 2 1224979098644774912 1 2133 2 1224979098644774913 1224979098644774912 2109 2 1224979098644774913 2 4 0 31 2 1224979098644774913 0 2133 2 1224979098644774914 360287970189639681 5 0 2133 2 1224979098644774914 360287970189639682 3 0 1503 1 1224979098644774914 1985 1 4287137928 1987 3 10 11 15 2124 1 100 1989 5 0 40 40 0 100000 701 1 1 731 2 1 100 729 2 1 -20 730 2 1 -20 1980 5 1729382256910270469 1224979098644774914 1 0 0 731 2 1 200 1980 5 1729382256910270468 1224979098644774914 1 0 0 
tab_troop_profile_alpha_mask 0 mat_troop_portrait_mask 1024 1024 0 0 400 400 5 23 2 1224979098644774912 1 1985 1 8947848 1987 3 10 11 15 1984 0 1 2 936748722493063227 1224979098644774912 
tab_troop_profile_color 0 mat_troop_portrait_color 1024 1024 0 0 400 400 4 23 2 1224979098644774912 1 1985 1 4294567848 1987 3 10 11 15 1 2 936748722493063227 1224979098644774912 
tab_game_troop_label_banner 0 tableau_with_transparency 256 256 -128 0 128 256 7 23 2 1224979098644774912 1 1985 1 4287137928 2124 1 100 1989 5 0 100 100 0 100000 701 1 1 730 2 1 120 1992 4 1224979098644774912 1 120 0 
tab_round_shield_1 0 sample_shield_round_1 512 256 0 0 0 0 16 23 2 1224979098644774912 1 2124 1 100 4 0 33 3 1224979098644774912 1441151880758558766 1441151880758559038 701 1 1 729 2 1 -50 730 2 1 125 1992 4 1224979098644774912 1 120 0 5 0 520 3 1224979098644774913 360287970189639710 1224979098644774912 1985 1 1224979098644774913 3 0 701 1 1 731 2 1 10 1992 4 1441151880758558745 1 0 0 1989 5 0 200 100 0 100000 
tab_round_shield_2 0 sample_shield_matte 512 256 0 0 0 0 16 23 2 1224979098644774912 1 2124 1 100 4 0 33 3 1224979098644774912 1441151880758558766 1441151880758559038 701 1 1 729 2 1 -50 730 2 1 120 1992 4 1224979098644774912 1 116 0 5 0 520 3 1224979098644774913 360287970189639710 1224979098644774912 1985 1 1224979098644774913 3 0 701 1 1 731 2 1 10 1992 4 1441151880758558746 1 0 0 1989 5 0 200 100 0 100000 
tab_round_shield_3 0 sample_shield_matte 512 256 0 0 0 0 16 23 2 1224979098644774912 1 2124 1 100 4 0 33 3 1224979098644774912 1441151880758558766 1441151880758559038 701 1 1 729 2 1 -50 730 2 1 120 1992 4 1224979098644774912 1 116 0 5 0 520 3 1224979098644774913 360287970189639710 1224979098644774912 1985 1 1224979098644774913 3 0 701 1 1 731 2 1 10 1992 4 1441151880758558747 1 0 0 1989 5 0 200 100 0 100000 
tab_round_shield_4 0 sample_shield_matte 512 256 0 0 0 0 16 23 2 1224979098644774912 1 2124 1 100 4 0 33 3 1224979098644774912 1441151880758558766 1441151880758559038 701 1 1 729 2 1 -50 730 2 1 125 1992 4 1224979098644774912 1 123 0 5 0 520 3 1224979098644774913 360287970189639710 1224979098644774912 1985 1 1224979098644774913 3 0 701 1 1 731 2 1 10 1992 4 1441151880758558748 1 0 0 1989 5 0 200 100 0 100000 
tab_round_shield_5 0 sample_shield_matte 512 256 0 0 0 0 16 23 2 1224979098644774912 1 2124 1 100 4 0 33 3 1224979098644774912 1441151880758558766 1441151880758559038 701 1 1 729 2 1 -50 730 2 1 125 1992 4 1224979098644774912 1 122 0 5 0 520 3 1224979098644774913 360287970189639710 1224979098644774912 1985 1 1224979098644774913 3 0 701 1 1 731 2 1 10 1992 4 1441151880758558749 1 0 0 1989 5 0 200 100 0 100000 
tab_small_round_shield_1 0 sample_shield_small_round_1 512 256 0 0 0 0 16 23 2 1224979098644774912 1 2124 1 100 4 0 33 3 1224979098644774912 1441151880758558766 1441151880758559038 701 1 1 729 2 1 -50 730 2 1 130 1992 4 1224979098644774912 1 127 0 5 0 520 3 1224979098644774913 360287970189639710 1224979098644774912 1985 1 1224979098644774913 3 0 701 1 1 731 2 1 10 1992 4 1441151880758558750 1 0 0 1989 5 0 200 100 0 100000 
tab_small_round_shield_2 0 sample_shield_small_round_2 512 256 0 0 0 0 16 23 2 1224979098644774912 1 2124 1 100 4 0 33 3 1224979098644774912 1441151880758558766 1441151880758559038 701 1 1 729 2 1 -50 730 2 1 130 1992 4 1224979098644774912 1 127 0 5 0 520 3 1224979098644774913 360287970189639710 1224979098644774912 1985 1 1224979098644774913 3 0 701 1 1 731 2 1 10 1992 4 1441151880758558751 1 0 0 1989 5 0 200 100 0 100000 
tab_small_round_shield_3 0 sample_shield_matte 512 256 0 0 0 0 16 23 2 1224979098644774912 1 2124 1 100 4 0 33 3 1224979098644774912 1441151880758558766 1441151880758559038 701 1 1 729 2 1 -50 730 2 1 130 1992 4 1224979098644774912 1 127 0 5 0 520 3 1224979098644774913 360287970189639710 1224979098644774912 1985 1 1224979098644774913 3 0 701 1 1 731 2 1 10 1992 4 1441151880758558752 1 0 0 1989 5 0 200 100 0 100000 
tab_kite_shield_1 0 sample_shield_matte 512 512 0 0 0 0 16 23 2 1224979098644774912 1 2124 1 100 4 0 33 3 1224979098644774912 1441151880758558766 1441151880758559038 701 1 1 729 2 1 -60 730 2 1 140 1992 4 1224979098644774912 1 116 0 5 0 520 3 1224979098644774913 360287970189639710 1224979098644774912 1985 1 1224979098644774913 3 0 701 1 1 731 2 1 10 1992 4 1441151880758558753 1 0 0 1989 5 0 200 200 0 100000 
tab_kite_shield_2 0 sample_shield_matte 512 512 0 0 0 0 16 23 2 1224979098644774912 1 2124 1 100 4 0 33 3 1224979098644774912 1441151880758558766 1441151880758559038 701 1 1 729 2 1 -57 730 2 1 140 1992 4 1224979098644774912 1 116 0 5 0 520 3 1224979098644774913 360287970189639710 1224979098644774912 1985 1 1224979098644774913 3 0 701 1 1 731 2 1 10 1992 4 1441151880758558754 1 0 0 1989 5 0 200 200 0 100000 
tab_kite_shield_3 0 sample_shield_matte 512 512 0 0 0 0 16 23 2 1224979098644774912 1 2124 1 100 4 0 33 3 1224979098644774912 1441151880758558766 1441151880758559038 701 1 1 729 2 1 -57 730 2 1 140 1992 4 1224979098644774912 1 116 0 5 0 520 3 1224979098644774913 360287970189639710 1224979098644774912 1985 1 1224979098644774913 3 0 701 1 1 731 2 1 10 1992 4 1441151880758558755 1 0 0 1989 5 0 200 200 0 100000 
tab_kite_shield_4 0 sample_shield_matte 512 512 0 0 0 0 16 23 2 1224979098644774912 1 2124 1 100 4 0 33 3 1224979098644774912 1441151880758558766 1441151880758559038 701 1 1 729 2 1 -50 730 2 1 160 1992 4 1224979098644774912 1 120 0 5 0 520 3 1224979098644774913 360287970189639710 1224979098644774912 1985 1 1224979098644774913 3 0 701 1 1 731 2 1 10 1992 4 1441151880758558756 1 0 0 1989 5 0 200 200 0 100000 
tab_heater_shield_1 0 sample_shield_matte 512 512 0 0 0 0 16 23 2 1224979098644774912 1 2124 1 100 4 0 33 3 1224979098644774912 1441151880758558766 1441151880758559038 701 1 1 729 2 1 -60 730 2 1 151 1992 4 1224979098644774912 1 116 0 5 0 520 3 1224979098644774913 360287970189639710 1224979098644774912 1985 1 1224979098644774913 3 0 701 1 1 731 2 1 10 1992 4 1441151880758558757 1 0 0 1989 5 0 200 200 0 100000 
tab_heater_shield_2 0 sample_shield_matte 512 512 0 0 0 0 16 23 2 1224979098644774912 1 2124 1 100 4 0 33 3 1224979098644774912 1441151880758558766 1441151880758559038 701 1 1 729 2 1 -50 730 2 1 150 1992 4 1224979098644774912 1 116 0 5 0 520 3 1224979098644774913 360287970189639710 1224979098644774912 1985 1 1224979098644774913 3 0 701 1 1 731 2 1 10 1992 4 1441151880758558758 1 0 0 1989 5 0 200 200 0 100000 
tab_pavise_shield_1 0 sample_shield_matte 512 512 0 0 0 0 16 23 2 1224979098644774912 1 2124 1 100 4 0 33 3 1224979098644774912 1441151880758558766 1441151880758559038 701 1 1 729 2 1 -54 730 2 1 120 1992 4 1224979098644774912 1 118 0 5 0 520 3 1224979098644774913 360287970189639710 1224979098644774912 1985 1 1224979098644774913 3 0 701 1 1 731 2 1 10 1992 4 1441151880758558759 1 0 0 1989 5 0 200 200 0 100000 
tab_pavise_shield_2 0 sample_shield_matte 512 512 0 0 0 0 16 23 2 1224979098644774912 1 2124 1 100 4 0 33 3 1224979098644774912 1441151880758558766 1441151880758559038 701 1 1 729 2 1 -54 730 2 1 120 1992 4 1224979098644774912 1 116 0 5 0 520 3 1224979098644774913 360287970189639710 1224979098644774912 1985 1 1224979098644774913 3 0 701 1 1 731 2 1 10 1992 4 1441151880758558760 1 0 0 1989 5 0 200 200 0 100000 
tab_heraldic_armor_a 0 sample_heraldic_armor_a 512 512 0 0 0 0 16 23 2 1224979098644774912 1 2124 1 100 520 3 1224979098644774913 360287970189639710 1224979098644774912 1985 1 1224979098644774913 4 0 33 3 1224979098644774912 1441151880758558766 1441151880758559038 701 1 1 729 2 1 -26 730 2 1 120 731 2 1 50 1992 4 1224979098644774912 1 70 0 3 0 701 1 1 731 2 1 100 1992 4 1441151880758558762 1 0 0 1989 5 0 200 200 0 100000 
tab_heraldic_armor_b 0 sample_heraldic_armor_b 512 512 0 0 0 0 16 23 2 1224979098644774912 1 2124 1 100 520 3 1224979098644774913 360287970189639710 1224979098644774912 1985 1 1224979098644774913 4 0 33 3 1224979098644774912 1441151880758558766 1441151880758559038 701 1 1 729 2 1 -5 730 2 1 120 731 2 1 10 1992 4 1224979098644774912 1 70 0 3 0 701 1 1 731 2 1 100 1992 4 1441151880758558763 1 0 0 1989 5 0 200 200 0 100000 
tab_heraldic_armor_c 0 sample_heraldic_armor_c 512 512 0 0 0 0 15 23 2 1224979098644774912 1 2124 1 100 520 3 1224979098644774913 360287970189639710 1224979098644774912 1985 1 1224979098644774913 4 0 33 3 1224979098644774912 1441151880758558766 1441151880758559038 701 1 1 730 2 1 120 731 2 1 10 1992 4 1224979098644774912 1 70 0 3 0 701 1 1 731 2 1 100 1992 4 1441151880758558764 1 0 0 1989 5 0 200 200 0 100000 
tab_heraldic_armor_d 0 sample_heraldic_armor_d 512 512 0 0 0 0 15 23 2 1224979098644774912 1 2124 1 100 520 3 1224979098644774913 360287970189639710 1224979098644774912 1985 1 1224979098644774913 4 0 33 3 1224979098644774912 1441151880758558766 1441151880758559038 701 1 1 730 2 1 120 731 2 1 10 1992 4 1224979098644774912 1 70 0 3 0 701 1 1 731 2 1 100 1992 4 1441151880758558765 1 0 0 1989 5 0 200 200 0 100000 
tab_heraldic_leather_vest_a 0 leather_vest_a 1024 1024 0 0 0 0 16 23 2 1224979098644774912 1 2124 1 100 520 3 1224979098644774913 360287970189639710 1224979098644774912 1985 1 1224979098644774913 4 0 33 3 1224979098644774912 1441151880758558766 1441151880758559038 701 1 1 729 2 1 -61 730 2 1 110 731 2 1 10 1992 4 1224979098644774912 1 60 0 3 0 701 1 1 731 2 1 100 1992 4 1441151880758559048 1 0 0 1989 5 0 200 200 0 100000 
tab_heraldic_padded_cloth_a 0 padded_cloth_a 1024 1024 0 0 0 0 16 23 2 1224979098644774912 1 2124 1 100 520 3 1224979098644774913 360287970189639710 1224979098644774912 1985 1 1224979098644774913 4 0 33 3 1224979098644774912 1441151880758558766 1441151880758559038 701 1 1 729 2 1 -61 730 2 1 120 731 2 1 10 1992 4 1224979098644774912 1 60 0 3 0 701 1 1 731 2 1 100 1992 4 1441151880758559049 1 0 0 1989 5 0 200 200 0 100000 
tab_heraldic_padded_cloth_b 0 padded_cloth_b 1024 1024 0 0 0 0 16 23 2 1224979098644774912 1 2124 1 100 520 3 1224979098644774913 360287970189639710 1224979098644774912 1985 1 1224979098644774913 4 0 33 3 1224979098644774912 1441151880758558766 1441151880758559038 701 1 1 729 2 1 -63 730 2 1 120 731 2 1 10 1992 4 1224979098644774912 1 60 0 3 0 701 1 1 731 2 1 100 1992 4 1441151880758559050 1 0 0 1989 5 0 200 200 0 100000 
tab_heraldic_tabard_b 0 tabard_b 1024 1024 0 0 0 0 16 23 2 1224979098644774912 1 2124 1 100 520 3 1224979098644774913 360287970189639710 1224979098644774912 1985 1 1224979098644774913 4 0 33 3 1224979098644774912 1441151880758558766 1441151880758559038 701 1 1 729 2 1 52 730 2 1 110 731 2 1 10 1992 4 1224979098644774912 1 50 0 3 0 701 1 1 731 2 1 100 1992 4 1441151880758559051 1 0 0 1989 5 0 200 200 0 100000 
tab_heraldic_brigandine_b 0 brigandine_b 1024 1024 0 0 0 0 16 23 2 1224979098644774912 1 2124 1 100 520 3 1224979098644774913 360287970189639710 1224979098644774912 1985 1 1224979098644774913 4 0 33 3 1224979098644774912 1441151880758558766 1441151880758559038 701 1 1 729 2 1 -59 730 2 1 115 731 2 1 10 1992 4 1224979098644774912 1 70 0 3 0 701 1 1 731 2 1 100 1992 4 1441151880758559052 1 0 0 1989 5 0 200 200 0 100000 
tab_heraldic_coat_of_plates 0 coat_of_plates_red 1024 1024 0 0 0 0 16 23 2 1224979098644774912 1 2124 1 100 520 3 1224979098644774913 360287970189639710 1224979098644774912 1985 1 1224979098644774913 4 0 33 3 1224979098644774912 1441151880758558766 1441151880758559038 701 1 1 729 2 1 20 730 2 1 25 731 2 1 10 1992 4 1224979098644774912 1 80 0 3 0 701 1 1 731 2 1 100 1992 4 1441151880758559053 1 0 0 1989 5 0 200 200 0 100000 
tab_heraldic_lamellar_armor_d 0 lamellar_armor_d 1024 1024 0 0 0 0 16 23 2 1224979098644774912 1 2124 1 100 520 3 1224979098644774913 360287970189639710 1224979098644774912 1985 1 1224979098644774913 4 0 33 3 1224979098644774912 1441151880758558766 1441151880758559038 701 1 1 729 2 1 62 730 2 1 29 731 2 1 10 1992 4 1224979098644774912 1 70 0 3 0 701 1 1 731 2 1 100 1992 4 1441151880758559054 1 0 0 1989 5 0 200 200 0 100000 
tab_heraldic_mail_long_surcoat 0 mail_long_surcoat 1024 1024 0 0 0 0 16 23 2 1224979098644774912 1 2124 1 100 520 3 1224979098644774913 360287970189639710 1224979098644774912 1985 1 1224979098644774913 4 0 33 3 1224979098644774912 1441151880758558766 1441151880758559038 701 1 1 729 2 1 54 730 2 1 70 731 2 1 10 1992 4 1224979098644774912 1 40 0 3 0 701 1 1 731 2 1 100 1992 4 1441151880758559055 1 0 0 1989 5 0 200 200 0 100000 
tab_heraldic_surcoat_over_mail 0 surcoat_over_mail 1024 1024 0 0 0 0 16 23 2 1224979098644774912 1 2124 1 100 520 3 1224979098644774913 360287970189639710 1224979098644774912 1985 1 1224979098644774913 4 0 33 3 1224979098644774912 1441151880758558766 1441151880758559038 701 1 1 729 2 1 -60 730 2 1 70 731 2 1 10 1992 4 1224979098644774912 1 40 0 3 0 701 1 1 731 2 1 100 1992 4 1441151880758559056 1 0 0 1989 5 0 200 200 0 100000 
tab_colored_arena_tunic 0 arena_tunicW 512 512 0 0 0 0 7 23 2 1224979098644774912 1 2124 1 100 520 3 1224979098644774913 360287970189639710 1224979098644774912 1985 1 1224979098644774913 701 1 1 1992 4 1441151880758559057 1 0 0 1989 5 0 200 200 0 100000 
tab_colored_arena_armor 0 arena_armorW 512 512 0 0 0 0 7 23 2 1224979098644774912 1 2124 1 100 520 3 1224979098644774913 360287970189639710 1224979098644774912 1985 1 1224979098644774913 701 1 1 1992 4 1441151880758559058 1 0 0 1989 5 0 200 200 0 100000 
tab_colored_lamellar_leather 0 lamellar_leather 512 512 0 0 0 0 7 23 2 1224979098644774912 1 2124 1 100 520 3 1224979098644774913 360287970189639710 1224979098644774912 1985 1 1224979098644774913 701 1 1 1992 4 1441151880758559059 1 0 0 1989 5 0 200 200 0 100000 
tab_colored_lamellar_vest_b 0 lamellar_vest_b 1024 1024 0 0 0 0 7 23 2 1224979098644774912 1 2124 1 100 520 3 1224979098644774913 360287970189639710 1224979098644774912 1985 1 1224979098644774913 701 1 1 1992 4 1441151880758559060 1 0 0 1989 5 0 200 200 0 100000 
tab_colored_helmets_new_b 0 helmets_new_b 512 512 0 0 0 0 6 23 2 1224979098644774912 1 2124 1 100 520 3 1224979098644774913 360287970189639710 1224979098644774912 701 1 1 1993 5 1441151880758559061 1 0 0 1224979098644774913 1989 5 0 200 200 0 100000 
tab_colored_helmets_new_d 0 helmets_new_d 512 512 0 0 0 0 6 23 2 1224979098644774912 1 2124 1 100 520 3 1224979098644774913 360287970189639710 1224979098644774912 701 1 1 1993 5 1441151880758559062 1 0 0 1224979098644774913 1989 5 0 200 200 0 100000 
tab_colored_helmets_new_e 0 helmets_new_e 512 512 0 0 0 0 6 23 2 1224979098644774912 1 2124 1 100 520 3 1224979098644774913 360287970189639710 1224979098644774912 701 1 1 1993 5 1441151880758559063 1 0 0 1224979098644774913 1989 5 0 200 200 0 100000 
tab_castle_banner_a 0 pw_banner_castle 1024 512 0 0 0 0 8 23 2 1224979098644774912 1 2124 1 100 701 1 1 730 2 1 100 729 2 1 -9 522 3 1224979098644774913 1224979098644774912 0 1992 4 1224979098644774913 1 0 0 1989 5 0 100 200 0 100000 
tab_castle_banner_b 0 pw_banner_castle 1024 512 0 0 0 0 8 23 2 1224979098644774912 1 2124 1 100 701 1 1 730 2 1 100 729 2 1 -9 522 3 1224979098644774913 1224979098644774912 0 1992 4 1224979098644774913 1 0 0 1989 5 0 100 200 0 100000 
tab_faction_banner_pole 0 pw_banner_pole 512 1024 0 0 0 0 10 23 2 1224979098644774912 1 2124 1 100 701 1 1 730 2 1 100 729 2 1 -1 1992 4 1224979098644774912 1 0 0 701 1 1 731 2 1 100 1992 4 1441151880758559047 1 0 0 1989 5 0 100 200 0 100000 
tab_stats_chart_banner 0 pw_banner_pole 512 1024 0 0 0 0 6 23 2 1224979098644774912 1 2124 1 100 701 1 1 730 2 1 130 1992 4 1224979098644774912 1 115 0 1989 5 0 100 200 0 100000 
tab_stats_chart_banner_war 0 pw_banner_pole 512 1024 0 0 0 0 8 23 2 1224979098644774912 1 2124 1 100 701 1 1 730 2 1 130 1992 4 1224979098644774912 1 115 0 701 1 1 1992 4 1441151880758559067 1 0 0 1989 5 0 100 200 0 100000 
