93
-4.014206E+100 -4.014206E+100 4.931329E+08
4.014206E+100 -4.014206E+100 4.931329E+08
-4.014206E+100 4.014206E+100 4.931329E+08
4.014206E+100 4.014206E+100 4.931329E+08
-4.014206E+100 -2.676137E+100 4.931329E+08
-4.014206E+100 -1.338069E+100 4.931329E+08
-4.014206E+100 111.00 4.931329E+08
-4.014206E+100 1.338069E+100 4.931329E+08
-4.014206E+100 2.676137E+100 4.931329E+08
4.014206E+100 -2.676137E+100 4.931329E+08
4.014206E+100 -1.338069E+100 4.931329E+08
4.014206E+100 111.00 4.931329E+08
4.014206E+100 1.338069E+100 4.931329E+08
4.014206E+100 2.676137E+100 4.931329E+08
-2.676137E+100 -4.014206E+100 4.931329E+08
-1.338069E+100 -4.014206E+100 4.931329E+08
111.00 -4.014206E+100 4.931329E+08
1.338069E+100 -4.014206E+100 4.931329E+08
2.676137E+100 -4.014206E+100 4.931329E+08
-2.676137E+100 4.014206E+100 4.931329E+08
-1.338069E+100 4.014206E+100 4.931329E+08
111.00 4.014206E+100 4.931329E+08
1.338069E+100 4.014206E+100 4.931329E+08
2.676137E+100 4.014206E+100 4.931329E+08
-2.676137E+100 -2.676137E+100 4.931329E+08
-1.338069E+100 -2.676137E+100 4.931329E+08
111.00 -2.676137E+100 4.931329E+08
1.338069E+100 -2.676137E+100 4.931329E+08
2.676137E+100 -2.676137E+100 4.931329E+08
-2.676137E+100 -1.338069E+100 4.931329E+08
-1.338069E+100 -1.338069E+100 2.498858E+09
111.00 -1.338069E+100 2.498858E+09
1.338069E+100 -1.338069E+100 2.498858E+09
2.676137E+100 -1.338069E+100 4.931329E+08
-2.676137E+100 111.00 4.931329E+08
-1.338069E+100 111.00 2.498858E+09
111.00 111.00 2.498858E+09
1.338069E+100 111.00 2.498858E+09
2.676137E+100 111.00 4.931329E+08
-2.676137E+100 1.338069E+100 4.931329E+08
-1.338069E+100 1.338069E+100 2.498858E+09
111.00 1.338069E+100 2.498858E+09
1.338069E+100 1.338069E+100 2.498858E+09
2.676137E+100 1.338069E+100 4.931329E+08
-2.676137E+100 2.676137E+100 4.931329E+08
-1.338069E+100 2.676137E+100 4.931329E+08
111.00 2.676137E+100 4.931329E+08
1.338069E+100 2.676137E+100 4.931329E+08
2.676137E+100 2.676137E+100 4.931329E+08
1.338069E+100 2.007103E+100 4.931329E+08
111.00 2.007103E+100 4.931329E+08
-1.338069E+100 2.007103E+100 4.931329E+08
1.338069E+100 -2.007103E+100 4.931329E+08
111.00 -2.007103E+100 4.931329E+08
-1.338069E+100 -2.007103E+100 4.931329E+08
2.007103E+100 1.338069E+100 4.931329E+08
-2.007103E+100 1.338069E+100 4.931329E+08
2.007103E+100 111.00 4.931329E+08
-2.007103E+100 111.00 4.931329E+08
2.007103E+100 -1.338069E+100 4.931329E+08
-2.007103E+100 -1.338069E+100 4.931329E+08
-1.842075E+100 -2.011563E+100 4.931329E+08
-1.842075E+100 1.842075E+100 4.931329E+08
2.011563E+100 1.842075E+100 4.931329E+08
111.00 7.613611E+090 2.498858E+09
111.00 -7.613611E+090 2.498858E+09
7.613611E+090 111.00 2.498858E+09
-7.613611E+090 111.00 2.498858E+09
-4.948847E+090 -4.948847E+090 2.498858E+09
4.948847E+090 -4.948847E+090 2.498858E+09
-4.948847E+090 4.948847E+090 2.498858E+09
4.948847E+090 4.948847E+090 2.498858E+09
-3.806806E+090 111.00 2.498858E+09
111.00 3.806806E+090 2.498858E+09
111.00 -3.806806E+090 2.498858E+09
3.806806E+090 111.00 2.498858E+09
-2.421128E+090 2.421128E+090 2.498858E+09
-2.421128E+090 -2.421128E+090 2.498858E+09
2.421128E+090 -2.421128E+090 2.498858E+09
2.421128E+090 2.421128E+090 2.498858E+09
-1.071793E+100 2.007103E+100 4.931329E+08
-1.071793E+100 2.676137E+100 4.931329E+08
-1.071793E+100 4.014206E+100 4.931329E+08
-2.007103E+100 -1.127992E+100 4.931329E+08
-2.676137E+100 -1.127992E+100 4.931329E+08
-4.014206E+100 -1.127992E+100 4.931329E+08
1.130668E+100 -2.007103E+100 4.931329E+08
1.130668E+100 -2.676137E+100 4.931329E+08
1.130668E+100 -4.014206E+100 4.931329E+08
2.007103E+100 1.184994E+100 4.931329E+08
2.676137E+100 1.184994E+100 4.931329E+08
4.014206E+100 1.184994E+100 4.931329E+08
1.823843E+100 -1.814582E+100 4.931329E+08
156
  15 0  3  8  44  19
  15 0  3  23  48  13
  15 0  3  24  29  5
  15 0  3  34  39  7
  15 0  3  85  84  34
  15 0  3  39  44  8
  15 0  3  28  18  1
  15 0  3  33  28  9
  15 0  3  38  33  10
  15 0  3  48  43  12
  15 0  3  24  4  0
  15 0  3  25  24  14
  15 0  3  26  25  15
  15 0  3  28  27  17
  15 0  3  44  45  20
  15 0  3  46  47  22
  15 0  3  82  81  46
  15 0  3  47  48  23
  15 0  3  87  26  16
  15 0  3  90  38  11
  5 0  3  73  76  72
  5 0  3  70  76  73
  5 0  3  76  70  67
  13 0  3  79  75  66
  13 0  3  79  71  64
  13 0  3  79  73  36
  11 0  3  74  78  75
  11 0  3  75  78  69
  11 0  3  78  74  65
  1 0  3  54  61  24
  1 0  3  92  52  27
  1 0  3  24  61  60
  1 0  3  59  92  28
  1 0  3  62  51  45
  1 0  3  49  63  48
  1 0  3  63  55  43
  1 0  3  62  44  39
  0 0  3  53  54  25
  0 0  3  84  83  58
  0 0  3  57  59  33
  0 0  3  90  89  57
  0 0  3  50  49  47
  0 0  3  81  80  50
  0 0  3  56  39  34
  0 0  3  86  53  26
  3 0  3  72  77  74
  3 0  3  74  77  68
  3 0  3  68  77  72
  8 0  3  29  84  85
  8 0  3  45  81  82
  8 0  3  87  88  17
  8 0  3  55  89  90
  8 0  3  90  91  12
  8 0  3  51  80  81
  8 0  3  86  87  27
  8 0  3  83  84  29
  4 0  3  54  53  31
  4 0  3  53  86  32
  4 0  3  65  68  30
  4 0  3  69  65  31
  4 0  3  32  86  52
  12 0  3  66  69  32
  12 0  3  71  66  37
  12 0  3  42  89  55
  12 0  3  89  42  37
  12 0  3  57  37  32
  2 0  3  70  64  41
  2 0  3  40  80  51
  2 0  3  50  80  40
  2 0  3  64  71  42
  2 0  3  49  50  41
  10 0  3  30  83  60
  10 0  3  30  68  67
  10 0  3  58  83  30
  10 0  3  56  58  35
  10 0  3  70  40  35
  9 0  3  60  61  54
  9 0  3  52  92  59
  9 0  3  62  56  40
  9 0  3  63  49  42
  15 0  3  19  2  8
  15 0  3  13  3  23
  15 0  3  5  4  24
  15 0  3  7  6  34
  15 0  3  34  6  85
  15 0  3  8  7  39
  15 0  3  1  9  28
  15 0  3  9  10  33
  15 0  3  10  11  38
  15 0  3  12  13  48
  15 0  3  0  14  24
  15 0  3  14  15  25
  15 0  3  15  16  26
  15 0  3  17  18  28
  15 0  3  20  19  44
  15 0  3  22  21  46
  15 0  3  46  21  82
  15 0  3  23  22  47
  15 0  3  16  88  87
  15 0  3  11  91  90
  5 0  3  72  36  73
  5 0  3  73  64  70
  5 0  3  67  72  76
  13 0  3  66  71  79
  13 0  3  64  73  79
  13 0  3  36  75  79
  11 0  3  75  36  74
  11 0  3  69  66  75
  11 0  3  65  69  78
  1 0  3  24  25  54
  1 0  3  27  28  92
  1 0  3  60  29  24
  1 0  3  28  33  59
  1 0  3  45  44  62
  1 0  3  48  47  49
  1 0  3  43  48  63
  1 0  3  39  56  62
  0 0  3  25  26  53
  0 0  3  58  34  84
  0 0  3  33  38  57
  0 0  3  57  38  90
  0 0  3  47  46  50
  0 0  3  50  46  81
  0 0  3  34  58  56
  0 0  3  26  87  86
  3 0  3  74  36  72
  3 0  3  68  65  74
  3 0  3  72  67  68
  8 0  3  85  5  29
  8 0  3  82  20  45
  8 0  3  17  27  87
  8 0  3  90  43  55
  8 0  3  12  43  90
  8 0  3  81  45  51
  8 0  3  27  52  86
  8 0  3  29  60  83
  4 0  3  31  30  54
  4 0  3  32  31  53
  4 0  3  30  31  65
  4 0  3  31  32  69
  12 0  3  32  37  66
  12 0  3  37  42  71
  12 0  3  37  57  89
  12 0  3  32  59  57
  2 0  3  41  40  70
  2 0  3  40  41  50
  2 0  3  42  41  64
  2 0  3  41  42  49
  10 0  3  67  35  30
  10 0  3  30  35  58
  10 0  3  35  40  56
  10 0  3  35  67  70
  9 0  3  54  30  60
  9 0  3  59  32  52
  9 0  3  40  51  62
  9 0  3  42  55  63
